0.0016401000875242977
0.010924053468772387
0.005976957153872698
0.011482973628834386
0.004270679286749704
0.2547846843109041
0.0032496168642908592
0.0007782491250273594
0.004476338093168152
0.009929087056141265
0.011533683397814954
0.00735361070141897
0.0040660517260998124
0.35911865913174096
0.258017956835758
0.03068732805423149
0.013070054036372035
0.005756861713885579
0.001506761189854222
0.0011835062972015789
0.002571896236442977
0.0007743310362423599
0.002046392264445281
0.001263723263297369
0.0011332944522632576
0.001408930969139741
0.265440177616223
0.003520990819869428
0.005201760108332113
0.004479833384245719
0.017056585139450672
0.0005713684392358743
0.015546767276327703
0.000868824531516184
0.0035768029528676893
0.02020400262442015
0.004575650123865087
0.0017135985569696364
0.0026160210476909693
0.00188238949223571
0.2566459626843016
0.0017535260093643947
0.0025016200750327166
0.06142763805232902
0.004267932850321299
0.0011639705088675198
0.003314123961826859
0.0012668665094133578
0.0005124811691328649
0.031410195608911305
0.0012701862245323825
0.002512046531140807
0.00145003965535624
0.016172423539693954
0.000771049498319744
0.00041918193390728226
0.00196294850012728
0.00577008442770157
0.011865217207513743
0.0006178763841519321
0.0008448599472884145
0.0005985201525443715
0.000966157705591719
0.0009955376820794198
0.0007593825822105207
0.0013363528862737953
0.002165532077878226
0.02568607285932412
0.002424189889818411
0.0004918467344756863
0.04187367311107085
0.008941150859881964
0.0005876827833509988
0.0019117592832393916
0.027904342208719523
0.001978581771408565
0.0010540339841873063
0.012253327333126769
0.04877550279479685
0.0014191707050680295
0.002263477120136522
0.0015185594480816938
0.1462081523368026
0.0012718692538934893
0.0005628189340417057
0.10524326987509289
0.24717179558927754
0.0010860584155912435
0.0007105529337215878
0.0009746421179949048
0.4149026799122709
0.057170869791525386
0.004486607234024536
0.003029490238888099
0.0013684028064732694
0.1719452521684112
0.001983238429902666
0.05607072423534705
0.0004415105053946621
0.0026096613140468477
0.0017227307669077732
0.00212579880151394
0.001000377862617557
0.001296891358800873
0.0013179064925231878
0.0009507101222191654
0.015925988631877924
0.0010099375114875687
0.0007471030346978547
0.12161976266459618
0.004212831591081355
0.005629937545049974
0.001676426013444008
0.0011782123425614728
0.020970501622128785
0.29163683781435834
0.0019093777418759887
0.007528070897501526
0.0004534800748843816
0.424721056714896
0.004640048211194126
0.0009089802871744951
0.037071227830476686
0.0578485447690972
0.005551453089783581
0.00307360498828744
0.0015796523116727434
0.08322269751798617
0.002515181832644026
0.0011216217342954458
0.0012461450431186878
0.055478524112507796
0.0022352821116694223
0.0022092345390229895
0.019184715396700153
0.13895050633506345
0.0017447712143535638
0.001218594242129674
0.0031773318934006376
0.0009246296593562596
0.008168097025718392
0.0007315320823257931
0.006624448056108408
0.0008154737873219744
0.00023785903218278214
0.003886217818670655
0.0007954084529893728
0.3502898429591903
0.01403894655246408
0.0004034767246803112
0.00011145729777424283
0.004250314474288367
0.0013165593924383424
0.31567007099283956
3.435164947502709e-5
0.002154739749243831
0.0007258272675649167
0.0006947017589184004
0.0011365493552720877
0.015155215473218837
0.000923773856435844
0.002162528959753513
0.0025579035309987548
0.00021946616889863545
0.00043745399352519124
0.0010523971281020258
0.0013557561788847487
0.0007305487372619012
0.003037048370644441
0.02730394326832083
0.04980126074903593
0.0022508751895463992
0.0018236852414972998
0.0017453333211960502
0.0009903477157005805
0.0008890437595718685
0.014596466621013934
0.12160317959404428
0.007269109895813463
0.3860759554528043
0.0006969180734087037
0.00020524052892025634
0.025353573352273985
0.003793721588220946
0.0016453092437649717
0.0007370734640384176
0.010201702225552882
0.0013656327093253522
0.00074139184972783
0.001473057496214601
0.021691801570851318
0.0010880153633807275
0.0010944233247649371
0.14738131120097195
0.0017397200896505328
0.00036839863713798975
0.0006262870741516394
0.0005702928530867202
0.030683394045151427
0.017686384966345593
0.00167797996505959
0.0005643036146658971
0.012740318562241056
0.0037439780423350207
0.007886202414832476
0.001665474739629059
0.007914880665489636
0.17553369106156572
0.007442718782304554
0.041633399080164134
0.002316865417376491
0.0023896808857083204
0.00806049884819201
0.0021882217992691294
0.001479287729315977
0.025987631129581554
0.0013212756321402564
0.0010511879900300808
0.0008454396479248669
0.001170385552316857
0.0004737119779709218
0.0014581995506749166
0.0004879441706606167
0.0011031806593547928
0.3134221203538801
0.000911650002070017
0.000275420129059547
0.0012612221045561812
0.012545824044187704
0.13552330638723747
0.010366422447634551
